0 1
0 2
0 3
0 4
0 2
0 5
6 7
6 8
6 9
6 10
6 9
11 12
11 8
11 13
11 10
11 7
11 14
15 16
15 8
15 11
15 5
15 6
15 7
15 8
17 0
17 16
17 14
17 18
17 19
17 19
17 4
17 11
14 20
14 10
14 6
14 16
14 21
10 21
10 15
10 1
10 22
10 18
10 11
5 23
5 15
5 24
5 8
5 1
5 6
5 25
5 0
5 26
5 3
16 21
16 3
16 17
16 20
16 10
16 27
16 8
21 28
21 6
21 4
21 13
21 18
3 9
3 29
3 3
3 12
3 8
3 0
3 13
3 6
3 13
30 30
30 11
30 16
30 21
30 23
30 31
30 27
30 22
30 20
30 7
2 21
2 4
2 2
2 21
2 22
2 23
1 27
1 29
1 10
1 17
1 13
26 1
26 21
26 7
26 9
26 32
25 32
25 11
25 2
25 30
25 9
25 15
25 9
25 13
25 14
24 0
24 7
24 3
24 20
24 25
24 10
33 31
33 3
33 9
33 15
33 0
33 32
33 6
32 25
32 22
32 32
32 17
32 4
32 1
32 18
32 1
27 2
27 31
27 8
27 7
31 4
31 1
31 15
31 20
23 30
23 10
23 10
23 2
23 4
23 6
28 3
28 12
28 27
28 29
28 1
28 20
28 21
28 19
28 31
29 15
29 10
29 26
29 20
29 21
29 27
9 18
9 10
9 27
9 29
9 24
9 17
7 22
7 28
7 31
7 29
7 32
7 31
7 16
22 22
22 24
22 11
22 23
22 18
22 27
22 33
22 14
19 16
19 24
19 30
19 20
19 9
19 6
19 14
19 9
4 14
4 9
4 6
4 28
4 21
4 17
13 13
13 21
13 7
13 12
13 26
13 19
13 26
13 6
13 13
12 29
12 19
12 15
12 21
12 9
12 32
12 9
12 4
12 18
18 0
18 10
18 3
18 12
18 16
18 8
18 24
18 25
8 7
8 0
8 14
8 30
8 0
8 7
8 1
20 21
20 30
20 14
20 0
20 7
